Zone 1
  -73.746220, 45.376104
  -73.748926, 45.364815
  -73.734286, 45.355544
  -73.740207, 45.348649
  -73.700792, 45.348767
  -73.725320, 45.377887

Zone 2
  -73.773423, 45.353623
  -73.760717, 45.347329
  -73.752259, 45.349350
  -73.745154, 45.353035
  -73.754120, 45.363139
  -73.759195, 45.365991

Zone 3
  -73.594960, 45.393198
  -73.599190, 45.382744
  -73.590224, 45.378110
  -73.581089, 45.362185
  -73.557914, 45.366702
  -73.565695, 45.372881
  -73.563496, 45.378347
  -73.548103, 45.373594
  -73.551824, 45.368247
  -73.544550, 45.365394
  -73.537784, 45.366464
  -73.536769, 45.369910
  -73.538460, 45.374901
  -73.535246, 45.376446
  -73.528818, 45.373238
  -73.522390, 45.370861
  -73.539137, 45.382150
  -73.523913, 45.377872
  -73.519007, 45.382031
  -73.520360, 45.390749
  -73.527296, 45.397283
  -73.538968, 45.401202
  -73.550809, 45.399540
  -73.566710, 45.403697
  -73.575169, 45.403815
  -73.580413, 45.397401
  -73.590562, 45.395976

Zone 4
  -73.515604, 45.381427
  -73.517042, 45.378457
  -73.511967, 45.373941
  -73.506215, 45.374060
  -73.489292, 45.380836
  -73.479819, 45.384281
  -73.487093, 45.389034
  -73.480411, 45.391053
  -73.482240, 45.395162
  -73.465408, 45.404486
  -73.459322, 45.418136
  -73.443335, 45.436166
  -73.433938, 45.443252
  -73.440435, 45.450369
  -73.460083, 45.462723
  -73.484528, 45.462990
  -73.491210, 45.462278
  -73.490872, 45.446317
  -73.488101, 45.436122
  -73.469321, 45.426832
  -73.484969, 45.420659
  -73.493173, 45.420718

Zone 5
  -73.520329, 45.514802
  -73.491530, 45.468963
  -73.468999, 45.466349
  -73.457129, 45.465159
  -73.443576, 45.456604
  -73.430193, 45.446384
  -73.413760, 45.463178
  -73.395532, 45.479273
  -73.392412, 45.505779

Zone 6
  -73.517253, 45.517049
  -73.518450, 45.530472
  -73.484893, 45.564622
  -73.472619, 45.573633
  -73.455323, 45.540126
  -73.394545, 45.510862

Zone 7
  -73.463103, 45.587660
  -73.450380, 45.578965
  -73.438106, 45.571526
  -73.416851, 45.571107
  -73.427479, 45.583994
  -73.438256, 45.593526
  -73.436310, 45.595725
  -73.428676, 45.591641
  -73.423138, 45.590488
  -73.415654, 45.592479
  -73.412211, 45.595306
  -73.419396, 45.598134
  -73.429080, 45.606531
  -73.437462, 45.610091
  -73.442252, 45.604646
  -73.448308, 45.600418
  -73.448608, 45.603979
  -73.444267, 45.606596
  -73.441792, 45.615994
  -73.437900, 45.622381
  -73.437301, 45.637359
  -73.445833, 45.636103
  -73.453317, 45.623752
  -73.455114, 45.610665
  -73.458407, 45.595585

Zone 8
  -73.515097, 45.629077
  -73.500728, 45.625413
  -73.490725, 45.640580
  -73.489677, 45.659205
  -73.492982, 45.667037
  -73.493581, 45.686679
  -73.480259, 45.695566
  -73.478762, 45.700794
  -73.496574, 45.697135
  -73.507333, 45.669893
  -73.517811, 45.663617
  -73.516913, 45.645307
  -73.517512, 45.632016

Zone 9
  -73.609327, 45.634691
  -73.589419, 45.646725
  -73.573703, 45.657502
  -73.565021, 45.661059
  -73.551699, 45.668068
  -73.545862, 45.664198
  -73.546460, 45.658235
  -73.552597, 45.654468
  -73.559632, 45.649341
  -73.553795, 45.643377
  -73.558884, 45.640342
  -73.561578, 45.646935
  -73.565171, 45.647039
  -73.566368, 45.642121
  -73.571308, 45.638772
  -73.577594, 45.636470
  -73.588821, 45.633330
  -73.604986, 45.632283
  -73.609177, 45.634272

Zone 10
  -73.479554, 45.723021
  -73.478356, 45.714347
  -73.471171, 45.713093
  -73.462490, 45.721454
  -73.453060, 45.728768
  -73.402357, 45.781213
  -73.417325, 45.791025
  -73.424510, 45.781735
  -73.434987, 45.786850
  -73.445615, 45.781422
  -73.448010, 45.769625
  -73.457290, 45.753857
  -73.471360, 45.744770
  -73.479742, 45.734741
  -73.480641, 45.725337

Zone 11
  -73.522701, 45.723456
  -73.514619, 45.727009
  -73.513271, 45.720635
  -73.509380, 45.722516
  -73.511924, 45.708616
  -73.516864, 45.703598
  -73.523300, 45.702762
  -73.523450, 45.706839
  -73.522552, 45.723143

Zone 12
  -73.499501, 45.719903
  -73.504290, 45.715514
  -73.502920, 45.711730
  -73.495286, 45.714030
  -73.497980, 45.719360

Zone 13
  -73.497980, 45.736078
  -73.498729, 45.730122
  -73.494687, 45.731272
  -73.491694, 45.734093
  -73.497082, 45.736078

Zone 14
  -73.486156, 45.733152
  -73.492891, 45.729391
  -73.493191, 45.723122
  -73.487652, 45.716224
  -73.484509, 45.716433
  -73.485557, 45.727092
  -73.485557, 45.731167

Zone 15
  -73.479097, 45.746939
  -73.471164, 45.749655
  -73.461435, 45.758010
  -73.454699, 45.765529
  -73.453651, 45.769705
  -73.462632, 45.778266
  -73.486432, 45.761874
  -73.473410, 45.753415
  -73.479546, 45.746521

Zone 16
  -72.512088, 45.878114
  -72.524384, 45.865075
  -72.517615, 45.858869
  -72.509042, 45.852190
  -72.497647, 45.850461
  -72.493360, 45.849047
  -72.482079, 45.854233
  -72.474971, 45.860597
  -72.468690, 45.857463
  -72.471624, 45.853377
  -72.468465, 45.849605
  -72.464403, 45.853377
  -72.462034, 45.854713
  -72.458988, 45.851020
  -72.464742, 45.847169
  -72.468668, 45.839395
  -72.459868, 45.837272
  -72.454115, 45.838530
  -72.453664, 45.847568
  -72.449038, 45.854404
  -72.445315, 45.856761
  -72.468442, 45.864618
  -72.476114, 45.877186
  -72.498556, 45.885735
  -72.501715, 45.901753
  -72.504197, 45.909367
  -72.514576, 45.907876
  -72.522134, 45.898220
  -72.516719, 45.886599
  -72.511981, 45.877724

Zone 17
  -72.490305, 45.905007
  -72.486018, 45.891660
  -72.479926, 45.889462
  -72.470224, 45.895743
  -72.466275, 45.898256
  -72.459732, 45.894251
  -72.448563, 45.897157
  -72.443148, 45.899826
  -72.441230, 45.906028
  -72.440180, 45.913029
  -72.440067, 45.915227
  -72.450446, 45.914442
  -72.456538, 45.906043
  -72.472670, 45.907927
  -72.478649, 45.909889
  -72.489141, 45.907299
  -72.490157, 45.904551

Zone 18
  -72.570041, 46.310955
  -72.531072, 46.345681
  -72.555145, 46.362949
  -72.622238, 46.372405
  -72.632248, 46.354560
  -72.619735, 46.330288

Zone 19
  -72.510691, 46.359775
  -72.495913, 46.372275
  -72.510333, 46.376961
  -72.516887, 46.376139
  -72.515577, 46.380825
  -72.518198, 46.382387
  -72.537752, 46.381457
  -72.552291, 46.369453
  -72.539659, 46.370357
  -72.531436, 46.364108
  -72.510104, 46.359584

Zone 20
  -72.577709, 46.390320
  -72.575683, 46.384484
  -72.575564, 46.378400
  -72.569248, 46.371412
  -72.563647, 46.369520
  -72.555901, 46.374505
  -72.545891, 46.379520
  -72.538025, 46.383960
  -72.537906, 46.389960
  -72.549250, 46.398315
  -72.562478, 46.401192
  -72.570463, 46.390671
  -72.578090, 46.390754

Zone 21
  -71.316494, 46.728227
  -71.326895, 46.675818
  -71.261327, 46.691639
  -71.075476, 46.819587
  -71.158227, 46.824847
  -71.193498, 46.777797
  -71.243239, 46.746511

Zone 22
  -71.377337, 46.800191
  -71.334379, 46.748162
  -71.210931, 46.805762
  -71.262480, 46.869175

Zone 23
  -73.793157, 45.446881
  -73.675587, 45.438314
  -73.622680, 45.414830
  -73.546260, 45.484937
  -73.546260, 45.524552
  -73.519128, 45.573319
  -73.554198, 45.634631
  -73.614791, 45.629888
  -73.660011, 45.552995
  -73.748638, 45.505543
  -73.833650, 45.507761
  -73.864452, 45.462571
  -73.926854, 45.433385
  -73.943386, 45.408328
  -73.809537, 45.448948

Zone 24
  -73.870700, 45.519153
  -73.785688, 45.514083
  -73.703841, 45.547978
  -73.613855, 45.652383
  -73.545276, 45.690273
  -73.647019, 45.677005
  -73.697665, 45.681744
  -73.757354, 45.644769
